

color 0 ; circulo 100 ;
color 1 ; line 100 ;
color 2 ; rectangulo ;
ima 100 100 ;

fil 0 -1 0 -1 4 -1 0 -1 0 ; //edge
fil 0 -1 0 -1 5 -1 0 -1 0 ; //Sharpen
fil 0 -1 0 -1 8 -1 0 -1 0 ; //
fil -2 -1 0 -1 1 1 0 1 2 ; //Repujado
fil 0.111111111 0.111111111 0.111111111 0.111111111 0.111111111 0.111111111 0.111111111 0.111111111 0.111111111 ;


diag 180 150 150 45 ; diag 286 43 150 -45 ; diag 392 149 150 -90 ; diag 392 299 212 180 ; diag 180 299 150 90 ; diag 251 299 100 90 ; diag 251 199 71 0 ; diag 322 199 100 -90 ; diag 180 150 30 -135 ; diag 392 149 30 -45 ;

circulo 250 100 100 ; diag 300 200 150 -90 ; diag 300 230 70 180 ; diag 300 230 70 0 ; diag 300 350 100 -135 ; diag 300 350 100 -45 ;

rectangulo 100 250 400 100 ; circulo 167 300 100 ; circulo 333 300 100 ; rectangulo 190 150 220 100 ;



